 point_bei = [32.132552229,118.695644051];
point_dongbei = [32.132549266,118.695652118];
point_dong = [32.132543230,118.695655217];
point_dongnan = [32.132536725,118.695652490];
point_nan = [32.132533727,118.695645518];
point_xinan = [32.132535263,118.695638540];
point_xi = [32.132541751,118.695634031];
point_xibei = [32.132548016,118.695635942];